{
 "cells": [
  {
   "cell_type": "markdown",
   "id": "11d757db",
   "metadata": {},
   "source": [
    "### Question 00\n",
    "import necessary libraries in the box below"
   ]
  },
  {
   "cell_type": "code",
   "execution_count": 2,
   "id": "3a362452",
   "metadata": {},
   "outputs": [],
   "source": [
    "import numpy as np"
   ]
  },
  {
   "cell_type": "markdown",
   "id": "d8b85575",
   "metadata": {},
   "source": [
    "### Question 01\n",
    "Create a NumPy array from [1,2,3, ..., 12]."
   ]
  },
  {
   "cell_type": "code",
   "execution_count": 3,
   "id": "90bf2a91",
   "metadata": {},
   "outputs": [
    {
     "data": {
      "text/plain": [
       "array([ 1,  2,  3,  4,  5,  6,  7,  8,  9, 10, 11, 12])"
      ]
     },
     "execution_count": 3,
     "metadata": {},
     "output_type": "execute_result"
    }
   ],
   "source": [
    "array_01 = np.arange(1,13)\n",
    "array_01"
   ]
  },
  {
   "cell_type": "markdown",
   "id": "e1b8246a",
   "metadata": {},
   "source": [
    "### Question 02\n",
    "Print the type of array array_01"
   ]
  },
  {
   "cell_type": "code",
   "execution_count": 4,
   "id": "881a813f",
   "metadata": {},
   "outputs": [
    {
     "name": "stdout",
     "output_type": "stream",
     "text": [
      "<class 'numpy.ndarray'>\n"
     ]
    }
   ],
   "source": [
    "print(type(array_01))"
   ]
  },
  {
   "cell_type": "markdown",
   "id": "310b743a",
   "metadata": {},
   "source": [
    "### Question 03\n",
    "Reshape array_01 into 3 x 4 matrix."
   ]
  },
  {
   "cell_type": "code",
   "execution_count": 5,
   "id": "4b679280",
   "metadata": {},
   "outputs": [
    {
     "data": {
      "text/plain": [
       "array([[ 1,  2,  3,  4],\n",
       "       [ 5,  6,  7,  8],\n",
       "       [ 9, 10, 11, 12]])"
      ]
     },
     "execution_count": 5,
     "metadata": {},
     "output_type": "execute_result"
    }
   ],
   "source": [
    "array_03 = array_01.reshape(3,4)\n",
    "array_03"
   ]
  },
  {
   "cell_type": "markdown",
   "id": "e2cd246a",
   "metadata": {},
   "source": [
    "### Question 04\n",
    "Get the length of the array_03."
   ]
  },
  {
   "cell_type": "code",
   "execution_count": 6,
   "id": "1e1fe852",
   "metadata": {},
   "outputs": [
    {
     "name": "stdout",
     "output_type": "stream",
     "text": [
      "12\n"
     ]
    }
   ],
   "source": [
    "print(array_03.size)"
   ]
  },
  {
   "cell_type": "markdown",
   "id": "27638d53",
   "metadata": {},
   "source": [
    "### Question 05\n",
    "Print the second element of the second row in array_03."
   ]
  },
  {
   "cell_type": "code",
   "execution_count": 7,
   "id": "2c74f784",
   "metadata": {},
   "outputs": [
    {
     "name": "stdout",
     "output_type": "stream",
     "text": [
      "6\n"
     ]
    }
   ],
   "source": [
    "print(array_03[1,1])"
   ]
  },
  {
   "cell_type": "markdown",
   "id": "5b79af29",
   "metadata": {},
   "source": [
    "### Question 06\n",
    "Multiply all elements of array_03 by 2."
   ]
  },
  {
   "cell_type": "code",
   "execution_count": 8,
   "id": "50fd8771",
   "metadata": {},
   "outputs": [
    {
     "data": {
      "text/plain": [
       "array([[ 2,  4,  6,  8],\n",
       "       [10, 12, 14, 16],\n",
       "       [18, 20, 22, 24]])"
      ]
     },
     "execution_count": 8,
     "metadata": {},
     "output_type": "execute_result"
    }
   ],
   "source": [
    "array_06 = array_03*2\n",
    "array_06"
   ]
  },
  {
   "cell_type": "markdown",
   "id": "4a6b7cf1",
   "metadata": {},
   "source": [
    "### Question 07\n",
    "Add 5 to all elements of array_06."
   ]
  },
  {
   "cell_type": "code",
   "execution_count": 9,
   "id": "f23b26ae",
   "metadata": {},
   "outputs": [
    {
     "name": "stdout",
     "output_type": "stream",
     "text": [
      "[[ 7  9 11 13]\n",
      " [15 17 19 21]\n",
      " [23 25 27 29]]\n"
     ]
    }
   ],
   "source": [
    "print(array_06+5)"
   ]
  },
  {
   "cell_type": "markdown",
   "id": "04d936da",
   "metadata": {},
   "source": [
    "### Question 07\n",
    "Create an array of 18 zeros."
   ]
  },
  {
   "cell_type": "code",
   "execution_count": 10,
   "id": "a869fb12",
   "metadata": {},
   "outputs": [
    {
     "data": {
      "text/plain": [
       "array([0., 0., 0., 0., 0., 0., 0., 0., 0., 0., 0., 0., 0., 0., 0., 0., 0.,\n",
       "       0.])"
      ]
     },
     "execution_count": 10,
     "metadata": {},
     "output_type": "execute_result"
    }
   ],
   "source": [
    "array_07 = np.zeros(18)\n",
    "array_07"
   ]
  },
  {
   "cell_type": "markdown",
   "id": "61d7a5b5",
   "metadata": {},
   "source": [
    "### Question 08\n",
    "Create an array of 20 fours."
   ]
  },
  {
   "cell_type": "code",
   "execution_count": 11,
   "id": "6dca1442",
   "metadata": {},
   "outputs": [
    {
     "data": {
      "text/plain": [
       "array([4., 4., 4., 4., 4., 4., 4., 4., 4., 4., 4., 4., 4., 4., 4., 4., 4.,\n",
       "       4., 4., 4.])"
      ]
     },
     "execution_count": 11,
     "metadata": {},
     "output_type": "execute_result"
    }
   ],
   "source": [
    "array_08 = np.ones(20) * 4\n",
    "array_08"
   ]
  },
  {
   "cell_type": "markdown",
   "id": "989b4591",
   "metadata": {},
   "source": [
    "### Question 09\n",
    "Create numbers from 0 to 20."
   ]
  },
  {
   "cell_type": "code",
   "execution_count": 12,
   "id": "97c48d12",
   "metadata": {},
   "outputs": [
    {
     "data": {
      "text/plain": [
       "array([ 0,  1,  2,  3,  4,  5,  6,  7,  8,  9, 10, 11, 12, 13, 14, 15, 16,\n",
       "       17, 18, 19, 20])"
      ]
     },
     "execution_count": 12,
     "metadata": {},
     "output_type": "execute_result"
    }
   ],
   "source": [
    "array_09 = np.arange(21)\n",
    "array_09"
   ]
  },
  {
   "cell_type": "markdown",
   "id": "660ad8a4",
   "metadata": {},
   "source": [
    "### Question 10\n",
    "Create 24 random numbers between 0 and 1.\n",
    "Then, Reshape it into matrix with 6 rows."
   ]
  },
  {
   "cell_type": "code",
   "execution_count": 13,
   "id": "d4308e2d",
   "metadata": {},
   "outputs": [
    {
     "data": {
      "text/plain": [
       "array([[0.30874994, 0.26349166, 0.18972394, 0.17142946],\n",
       "       [0.74419227, 0.68081734, 0.53016261, 0.11257101],\n",
       "       [0.96209882, 0.61617063, 0.47183607, 0.45727299],\n",
       "       [0.84230439, 0.47813154, 0.21528058, 0.70590532],\n",
       "       [0.42534542, 0.65208112, 0.10000055, 0.71560622],\n",
       "       [0.0684969 , 0.88676467, 0.1510785 , 0.81652492]])"
      ]
     },
     "execution_count": 13,
     "metadata": {},
     "output_type": "execute_result"
    }
   ],
   "source": [
    "array_10 = np.random.random(24)\n",
    "array_10 = array_10.reshape(6,4)\n",
    "array_10"
   ]
  },
  {
   "cell_type": "markdown",
   "id": "9b3189ca",
   "metadata": {},
   "source": [
    "### Question 11\n",
    "Convert array_08 to String type."
   ]
  },
  {
   "cell_type": "code",
   "execution_count": 14,
   "id": "7e4f76af",
   "metadata": {},
   "outputs": [
    {
     "data": {
      "text/plain": [
       "array(['4.0', '4.0', '4.0', '4.0', '4.0', '4.0', '4.0', '4.0', '4.0',\n",
       "       '4.0', '4.0', '4.0', '4.0', '4.0', '4.0', '4.0', '4.0', '4.0',\n",
       "       '4.0', '4.0'], dtype='<U32')"
      ]
     },
     "execution_count": 14,
     "metadata": {},
     "output_type": "execute_result"
    }
   ],
   "source": [
    "array_11 = array_08.astype(str)\n",
    "array_11"
   ]
  },
  {
   "cell_type": "markdown",
   "id": "434caeff",
   "metadata": {},
   "source": [
    "### Question 12\n",
    "Find sum of all rows in array_11"
   ]
  },
  {
   "cell_type": "code",
   "execution_count": 15,
   "id": "2d720f88",
   "metadata": {},
   "outputs": [
    {
     "name": "stdout",
     "output_type": "stream",
     "text": [
      "[16. 16. 16. 16. 16.]\n"
     ]
    }
   ],
   "source": [
    "array_12 = array_11.astype(float).reshape(4,5)\n",
    "print(array_12.sum(axis= 0))"
   ]
  },
  {
   "cell_type": "markdown",
   "id": "8e591a99",
   "metadata": {},
   "source": [
    "### Question 13\n",
    "Find mean of elements of array_10 'in' each row."
   ]
  },
  {
   "cell_type": "code",
   "execution_count": 16,
   "id": "3f504719",
   "metadata": {},
   "outputs": [
    {
     "name": "stdout",
     "output_type": "stream",
     "text": [
      "[0.55853129 0.59624283 0.27634704 0.49655165]\n"
     ]
    }
   ],
   "source": [
    "array_14 = array_10\n",
    "\n",
    "print(array_14.mean(axis =0))"
   ]
  },
  {
   "cell_type": "markdown",
   "id": "0f5259a8",
   "metadata": {},
   "source": [
    "### Question 14\n",
    "Reverse the array_10."
   ]
  },
  {
   "cell_type": "code",
   "execution_count": 17,
   "id": "82019e67",
   "metadata": {},
   "outputs": [
    {
     "name": "stdout",
     "output_type": "stream",
     "text": [
      "[[0.0684969  0.88676467 0.1510785  0.81652492]\n",
      " [0.42534542 0.65208112 0.10000055 0.71560622]\n",
      " [0.84230439 0.47813154 0.21528058 0.70590532]\n",
      " [0.96209882 0.61617063 0.47183607 0.45727299]\n",
      " [0.74419227 0.68081734 0.53016261 0.11257101]\n",
      " [0.30874994 0.26349166 0.18972394 0.17142946]]\n"
     ]
    }
   ],
   "source": [
    "print(array_10[::-1])"
   ]
  },
  {
   "cell_type": "markdown",
   "id": "cd8f3863",
   "metadata": {},
   "source": [
    "### Question 15\n",
    "Add array [1,2,3,4,5,6] to array_10."
   ]
  },
  {
   "cell_type": "code",
   "execution_count": 26,
   "id": "03d8a538",
   "metadata": {},
   "outputs": [
    {
     "name": "stdout",
     "output_type": "stream",
     "text": [
      "[1.         2.         3.         4.         5.         6.\n",
      " 0.30874994 0.26349166 0.18972394 0.17142946 0.74419227 0.68081734\n",
      " 0.53016261 0.11257101 0.96209882 0.61617063 0.47183607 0.45727299\n",
      " 0.84230439 0.47813154 0.21528058 0.70590532 0.42534542 0.65208112\n",
      " 0.10000055 0.71560622 0.0684969  0.88676467 0.1510785  0.81652492]\n"
     ]
    }
   ],
   "source": [
    "array_15 = np.append([1,2,3,4,5,6],array_10)\n",
    "print(array_15)"
   ]
  },
  {
   "cell_type": "markdown",
   "id": "4f9ad336",
   "metadata": {},
   "source": [
    "### Question 16\n",
    "Print odd column of array_10"
   ]
  },
  {
   "cell_type": "code",
   "execution_count": 25,
   "id": "a16165c2",
   "metadata": {},
   "outputs": [
    {
     "name": "stdout",
     "output_type": "stream",
     "text": [
      "[0.18972394 0.53016261 0.47183607 0.21528058 0.10000055 0.1510785 ]\n"
     ]
    }
   ],
   "source": [
    "print(array_10[:,2])"
   ]
  },
  {
   "cell_type": "markdown",
   "id": "1050f31b",
   "metadata": {},
   "source": [
    "### Question 17\n",
    "Create 3x3 zeros matrix."
   ]
  },
  {
   "cell_type": "code",
   "execution_count": 28,
   "id": "a82ae6cd",
   "metadata": {},
   "outputs": [
    {
     "data": {
      "text/plain": [
       "array([[0., 0., 0.],\n",
       "       [0., 0., 0.],\n",
       "       [0., 0., 0.]])"
      ]
     },
     "execution_count": 28,
     "metadata": {},
     "output_type": "execute_result"
    }
   ],
   "source": [
    "array_17 = np.zeros((3,3))\n",
    "array_17"
   ]
  },
  {
   "cell_type": "markdown",
   "id": "923daa11",
   "metadata": {},
   "source": [
    "### Question 18\n",
    "Sort the array_10."
   ]
  },
  {
   "cell_type": "code",
   "execution_count": 29,
   "id": "c63b2ac1",
   "metadata": {},
   "outputs": [
    {
     "name": "stdout",
     "output_type": "stream",
     "text": [
      "[[0.17142946 0.18972394 0.26349166 0.30874994]\n",
      " [0.11257101 0.53016261 0.68081734 0.74419227]\n",
      " [0.45727299 0.47183607 0.61617063 0.96209882]\n",
      " [0.21528058 0.47813154 0.70590532 0.84230439]\n",
      " [0.10000055 0.42534542 0.65208112 0.71560622]\n",
      " [0.0684969  0.1510785  0.81652492 0.88676467]]\n"
     ]
    }
   ],
   "source": [
    "print(np.sort(array_10))"
   ]
  },
  {
   "cell_type": "markdown",
   "id": "27e464a0",
   "metadata": {},
   "source": [
    "### Question 19\n",
    "Transpose the array_10 "
   ]
  },
  {
   "cell_type": "code",
   "execution_count": 30,
   "id": "e4069e31",
   "metadata": {},
   "outputs": [
    {
     "name": "stdout",
     "output_type": "stream",
     "text": [
      "[[0.30874994 0.74419227 0.96209882 0.84230439 0.42534542 0.0684969 ]\n",
      " [0.26349166 0.68081734 0.61617063 0.47813154 0.65208112 0.88676467]\n",
      " [0.18972394 0.53016261 0.47183607 0.21528058 0.10000055 0.1510785 ]\n",
      " [0.17142946 0.11257101 0.45727299 0.70590532 0.71560622 0.81652492]]\n"
     ]
    }
   ],
   "source": [
    "print(array_10.T)"
   ]
  },
  {
   "cell_type": "markdown",
   "id": "f0dc0f93",
   "metadata": {},
   "source": [
    "### Question 20\n",
    "Create even numbers from 11 to 56."
   ]
  },
  {
   "cell_type": "code",
   "execution_count": 33,
   "id": "b03ef542",
   "metadata": {},
   "outputs": [
    {
     "data": {
      "text/plain": [
       "array([12, 14, 16, 18, 20, 22, 24, 26, 28, 30, 32, 34, 36, 38, 40, 42, 44,\n",
       "       46, 48, 50, 52, 54, 56])"
      ]
     },
     "execution_count": 33,
     "metadata": {},
     "output_type": "execute_result"
    }
   ],
   "source": [
    "array_20 = np.arange(12,57,2)\n",
    "array_20"
   ]
  }
 ],
 "metadata": {
  "kernelspec": {
   "display_name": "Python 3",
   "language": "python",
   "name": "python3"
  },
  "language_info": {
   "codemirror_mode": {
    "name": "ipython",
    "version": 3
   },
   "file_extension": ".py",
   "mimetype": "text/x-python",
   "name": "python",
   "nbconvert_exporter": "python",
   "pygments_lexer": "ipython3",
   "version": "3.14.3"
  }
 },
 "nbformat": 4,
 "nbformat_minor": 5
}
